12295
13367
13369
13373
13383
13384
13386
13396
13417
13422
13423
13427
13430
13459
13508
13510
13541
13542
13544
13552
13577
13579
13678
13706
13726
13742
13774
13810
13823
13833
13838
13843
13844
13850
13901
13912
13926
13999
14016
14019
14042
14045
14047
14048
14051
14052
14073
14079
14084
14095
14096
14103
14114
14135
14238
14275
14278
14300
14309
14330
14343
14351
14355
14371
14414
14487
14493
14616
14653
14660
14698
14702
14734
14747
14750
14799
14800
14801
14815
14832
14891
14907
14923
14940
14963
14965
14990
15088
15114
15118
15130
15182
15183
15189
15203
15204
15220
15294
15332
15360
15385
15465
15470
15551
15559
15572
15573
15576
15578
15584
15585
15586
15613
15627
15636
15696
15703
15742
15750
15753
15794
15798
15805
15821
15871
15878
15884
15988
15997
16004
16013
16015
16028
16069
16079
16088
16108
16118
16207
16342
16343
16352
16359
16393
16421
16441
16470
16490
16507
16526
16558
16565
16581
16590
16622
16713
16720
16735
16746
16755
16777
16882
16977
16985
16996
17004
17010
17014
17069
17079
17082
17091
17108
17113
17114
17126
17145
17147
17148
17151
17160
17163
17174
17181
17183
17189
17200
17206
17207
17208
17209
17210
17211
17212
17213
17214
17215
17216
17217
17248
17252
17254
17277
17283
17302
17305
17324
17329
17373
17377
17394
17411
17462
17533
17619
17621
17622
17627
17635
17640
17643
17644
17764
17779
17797
17861
17878
17883
17898
17908
17919
17947
17950
17994
17996
18003
18004
18017
18033
18089
18116
18163
18176
18198
18211
18212
18213
18215
18217
18265
18285
18299
18300
18312
18315
18316
18317
18318
18320
18323
18371
18374
18384
18402
18438
18481
18512
18537
18549
18560
18561
18562
18600
18618
18620
18648
18724
18756
18759
18769
18773
18775
18793
18799
18801
18810
18813
18814
18815
18816
18817
18818
18819
18821
18822
18840
18843
18847
18863
18867
18870
18871
18914
19012
19082
19087
19095
19096
19124
19134
19136
19138
19167
19188
19190
19195
19198
19219
19224
19229
19230
19239
19264
19267
19281
19284
19306
19327
19332
19357
19358
19360
19371
19376
19379
19390
19392
19395
19396
19397
19428
19518
19520
19521
19545
19559
19564
19568
19575
19576
19581
19585
19589
19606
19608
19613
19614
19615
19616
19617
19618
19619
19632
19676
19682
19684
19687
19691
19721
19723
19731
19732
19733
19734
19735
19736
19737
19756
19761
19764
19773
19827
19828
19861
19886
19890
19968
19969
19971
19975
19976
19977
19978
19979
19981
19982
19983
19984
19985
19987
19988
19989
19990
19992
19993
19994
19995
19996
19997
19998
19999
20002
20004
20005
20006
20007
20010
20011
20013
20016
20018
20020
20024
20025
20026
20027
20029
20030
20034
20035
20037
20040
20041
20043
20044
20045
20046
20047
20048
20050
20051
20052
20054
20056
20057
20060
20061
20062
20063
20064
20065
20070
20073
20080
20081
20083
20088
20094
20098
20102
20104
20105
20107
20108
20109
20110
20111
20113
20114
20115
20116
20117
20120
20121
20122
20123
20126
20127
20129
20130
20132
20133
20134
20135
20136
20137
20139
20140
20141
20142
20146
20147
20149
20150
20152
20153
20154
20159
20160
20161
20162
20163
20164
20165
20166
20167
20169
20170
20171
20173
20174
20177
20179
20180
20181
20182
20183
20184
20185
20189
20190
20191
20193
20195
20196
20197
20200
20202
20203
20204
20208
20210
20211
20213
20214
20215
20219
20221
20223
20225
20232
20233
20234
20235
20237
20238
20239
20240
20241
20245
20247
20248
20249
20250
20251
20254
20255
20256
20257
20258
20259
20260
20261
20262
20263
20266
20267
20269
20271
20272
20274
20276
20278
20280
20282
20284
20285
20286
20289
20291
20294
20295
20296
20301
20302
20303
20304
20305
20307
20308
20309
20310
20311
20312
20313
20314
20315
20316
20317
20318
20319
20320
20322
20323
20324
20325
20329
20332
20335
20336
20339
20340
20341
20342
20344
20346
20347
20348
20349
20350
20351
20353
20354
20355
20356
20358
20360
20361
20363
20365
20367
20369
20372
20374
20375
20376
20379
20381
20384
20387
20389
20390
20391
20392
20393
20394
20396
20397
20398
20399
20404
20405
20406
20407
20409
20415
20417
20418
20419
20420
20421
20426
20429
20430
20431
20432
20433
20435
20436
20439
20440
20441
20442
20444
20445
20446
20447
20448
20449
20451
20453
20454
20456
20457
20458
20459
20460
20461
20462
20463
20465
20467
20469
20470
20472
20474
20478
20480
20486
20488
20489
20491
20492
20493
20495
20497
20498
20499
20500
20501
20502
20504
20505
20506
20507
20508
20510
20511
20513
20517
20518
20519
20520
20521
20522
20523
20524
20525
20526
20530
20532
20538
20539
20540
20542
20545
20547
20551
20552
20553
20556
20558
20559
20561
20563
20565
20570
20572
20577
20578
20581
20588
20589
20592
20594
20596
20597
20598
20599
20603
20605
20606
20607
20608
20611
20613
20616
20617
20620
20621
20625
20626
20629
20630
20632
20633
20642
20643
20644
20645
20647
20648
20649
20652
20653
20655
20658
20659
20660
20661
20663
20666
20667
20670
20674
20677
20679
20681
20686
20687
20689
20692
20693
20694
20698
20702
20708
20709
20710
20711
20712
20716
20717
20718
20720
20721
20723
20725
20729
20731
20736
20737
20738
20740
20742
20743
20744
20745
20747
20748
20750
20752
20754
20756
20757
20760
20767
20769
20771
20774
20778
20781
20786
20787
20788
20791
20792
20794
20795
20796
20799
20800
20801
20803
20804
20805
20806
20807
20808
20809
20811
20812
20813
20817
20818
20820
20821
20822
20823
20826
20828
20834
20837
20839
20840
20841
20843
20844
20845
20846
20848
20849
20851
20852
20853
20854
20855
20856
20857
20859
20860
20861
20864
20865
20869
20871
20872
20873
20874
20876
20877
20879
20881
20882
20884
20885
20887
20889
20890
20891
20892
20896
20898
20900
20901
20903
20906
20908
20910
20911
20912
20913
20914
20915
20917
20918
20919
20923
20924
20925
20928
20932
20934
20935
20937
20938
20939
20940
20941
20943
20945
20947
20952
20953
20955
20956
20957
20960
20961
20964
20971
20973
20975
20976
20977
20979
20982
20984
20985
20986
20987
20988
20989
20991
20992
20993
20995
20998
20999
21000
21002
21003
21005
21006
21009
21010
21011
21014
21015
21016
21017
21018
21019
21021
21024
21028
21029
21032
21033
21034
21035
21036
21037
21038
21040
21043
21046
21047
21048
21049
21050
21051
21053
21054
21055
21056
21057
21058
21059
21060
21061
21063
21065
21066
21067
21068
21069
21070
21072
21073
21076
21077
21078
21079
21083
21084
21085
21086
21087
21089
21093
21095
21097
21098
21102
21103
21106
21108
21109
21111
21114
21117
21118
21119
21121
21122
21123
21124
21127
21128
21129
21130
21132
21133
21135
21136
21137
21139
21146
21147
21149
21150
21151
21152
21153
21154
21155
21160
21161
21162
21163
21164
21165
21169
21170
21171
21180
21182
21183
21185
21187
21191
21193
21195
21197
21200
21201
21202
21204
21205
21206
21208
21209
21210
21211
21213
21214
21215
21216
21218
21219
21220
21225
21232
21233
21235
21237
21240
21242
21243
21246
21247
21248
21253
21254
21256
21259
21261
21263
21264
21269
21270
21271
21273
21276
21277
21280
21281
21283
21286
21290
21293
21294
21295
21297
21305
21306
21307
21308
21310
21311
21312
21313
21315
21317
21319
21320
21321
21322
21324
21326
21327
21329
21330
21331
21332
21333
21334
21335
21338
21340
21342
21343
21344
21345
21346
21347
21348
21350
21351
21355
21356
21358
21359
21360
21361
21363
21364
21365
21367
21368
21369
21370
21371
21375
21378
21380
21381
21382
21385
21387
21388
21389
21392
21395
21397
21398
21400
21401
21402
21405
21407
21410
21411
21413
21414
21416
21417
21421
21422
21426
21428
21435
21438
21439
21441
21442
21443
21444
21446
21447
21448
21449
21450
21451
21452
21453
21457
21460
21461
21462
21463
21464
21465
21466
21467
21471
21472
21474
21475
21476
21477
21478
21480
21481
21482
21483
21484
21485
21486
21487
21488
21489
21490
21491
21493
21494
21495
21496
21497
21499
21500
21501
21505
21507
21508
21510
21512
21513
21514
21515
21516
21517
21518
21519
21520
21521
21522
21523
21525
21526
21527
21531
21533
21534
21535
21536
21537
21539
21542
21543
21544
21545
21547
21548
21549
21550
21551
21553
21554
21555
21556
21557
21558
21560
21561
21563
21564
21565
21566
21568
21570
21571
21574
21575
21576
21578
21579
21584
21586
21587
21588
21589
21590
21591
21592
21593
21595
21596
21602
21603
21604
21606
21608
21617
21618
21619
21621
21622
21623
21624
21627
21628
21629
21632
21633
21634
21636
21638
21639
21640
21641
21643
21644
21645
21646
21647
21648
21650
21652
21653
21654
21655
21657
21658
21659
21661
21665
21667
21668
21669
21670
21671
21672
21673
21674
21675
21676
21677
21679
21681
21683
21684
21688
21690
21691
21692
21693
21695
21696
21697
21698
21699
21700
21702
21703
21704
21705
21707
21708
21709
21710
21711
21712
21713
21714
21715
21716
21717
21719
21721
21722
21724
21725
21726
21727
21729
21730
21733
21734
21735
21736
21737
21738
21741
21742
21743
21745
21746
21747
21754
21756
21757
21759
21761
21764
21766
21767
21769
21775
21776
21777
21779
21780
21786
21787
21789
21792
21793
21794
21795
21796
21799
21802
21804
21806
21807
21808
21809
21811
21813
21815
21816
21820
21822
21823
21825
21827
21828
21830
21833
21834
21839
21840
21843
21845
21846
21852
21854
21855
21857
21858
21860
21861
21862
21863
21866
21867
21868
21869
21870
21871
21872
21873
21874
21876
21877
21878
21879
21880
21883
21884
21886
21888
21889
21890
21891
21892
21894
21895
21896
21897
21898
21899
21902
21903
21905
21908
21912
21913
21914
21916
21917
21919
21924
21927
21930
21931
21932
21933
21934
21937
21938
21939
21941
21943
21945
21946
21947
21949
21950
21956
21957
21958
21959
21961
21962
21964
21965
21966
21968
21969
21970
21971
21972
21974
21978
21979
21980
21981
21982
21983
21985
21987
21988
21989
21990
21992
21993
21994
21995
21996
21999
22000
22002
22003
22005
22006
22007
22009
22011
22013
22014
22016
22017
22021
22022
22024
22025
22028
22029
22030
22031
22035
22036
22038
22039
22040
22042
22043
22044
22046
22047
22049
22050
22051
22052
22053
22055
22057
22058
22060
22061
22062
22063
22064
22065
22066
22067
22068
22069
22070
22072
22073
22074
22075
22077
22079
22080
22081
22082
22083
22085
22087
22089
22092
22093
22094
22095
22099
22100
22103
22104
22105
22106
22108
22109
22110
22112
22114
22116
22117
22118
22120
22121
22122
22123
22124
22127
22129
22130
22132
22134
22136
22137
22139
22140
22144
22148
22149
22150
22151
22156
22158
22159
22160
22163
22165
22169
22170
22171
22175
22179
22181
22182
22183
22184
22189
22190
22191
22194
22195
22196
22198
22199
22204
22205
22207
22208
22209
22210
22211
22213
22216
22217
22218
22220
22225
22226
22227
22228
22234
22235
22238
22239
22240
22241
22242
22244
22250
22251
22253
22254
22256
22257
22260
22261
22263
22265
22266
22269
22270
22271
22275
22276
22278
22279
22280
22281
22282
22283
22284
22285
22288
22290
22291
22294
22296
22297
22300
22302
22303
22306
22307
22312
22313
22314
22315
22316
22317
22318
22319
22320
22322
22323
22329
22330
22331
22334
22336
22338
22343
22345
22346
22347
22348
22349
22350
22351
22352
22353
22354
22359
22362
22363
22364
22365
22366
22367
22368
22369
22372
22373
22374
22376
22377
22378
22379
22380
22381
22383
22384
22385
22387
22391
22395
22396
22397
22402
22403
22404
22405
22406
22408
22411
22412
22413
22414
22415
22418
22419
22421
22425
22426
22427
22430
22431
22432
22433
22434
22435
22436
22438
22439
22441
22443
22445
22446
22447
22449
22450
22452
22453
22456
22458
22459
22462
22463
22466
22467
22470
22471
22475
22476
22478
22479
22482
22484
22485
22487
22488
22489
22490
22493
22494
22495
22496
22497
22500
22504
22506
22507
22508
22509
22511
22516
22517
22519
22520
22521
22522
22524
22525
22530
22531
22533
22534
22535
22537
22538
22539
22540
22541
22542
22544
22545
22549
22550
22553
22554
22557
22558
22560
22561
22564
22567
22568
22570
22575
22576
22577
22578
22580
22581
22588
22589
22590
22596
22597
22598
22602
22603
22604
22605
22607
22609
22610
22612
22615
22616
22621
22622
22626
22628
22629
22635
22636
22641
22645
22648
22649
22653
22654
22655
22656
22657
22659
22661
22664
22665
22666
22672
22674
22675
22677
22680
22681
22682
22684
22686
22687
22688
22689
22691
22694
22696
22697
22702
22706
22707
22710
22716
22718
22721
22725
22727
22728
22731
22734
22737
22739
22741
22743
22744
22745
22746
22750
22751
22752
22754
22755
22756
22761
22762
22763
22764
22766
22767
22768
22771
22774
22776
22777
22778
22780
22781
22788
22791
22797
22799
22800
22804
22805
22806
22809
22810
22812
22815
22816
22818
22820
22821
22823
22825
22826
22827
22828
22829
22830
22831
22833
22836
22839
22840
22841
22842
22844
22846
22849
22850
22852
22855
22856
22857
22859
22862
22863
22864
22865
22867
22868
22869
22870
22871
22872
22874
22880
22881
22882
22885
22887
22889
22890
22893
22894
22899
22900
22902
22904
22905
22908
22909
22913
22914
22915
22916
22918
22919
22920
22922
22925
22930
22931
22934
22935
22936
22937
22941
22942
22946
22947
22948
22949
22951
22952
22953
22954
22955
22957
22958
22959
22962
22963
22969
22971
22974
22982
22984
22986
22987
22988
22989
22992
22993
22994
22995
22996
22999
23000
23002
23004
23005
23006
23011
23012
23013
23014
23016
23018
23020
23022
23025
23030
23033
23035
23037
23039
23040
23041
23043
23044
23045
23046
23047
23048
23049
23052
23057
23059
23064
23065
23067
23068
23071
23072
23075
23077
23081
23089
23090
23092
23093
23094
23100
23104
23105
23110
23113
23114
23116
23117
23125
23128
23130
23134
23136
23137
23138
23140
23142
23143
23146
23147
23149
23155
23156
23157
23158
23159
23162
23163
23164
23167
23170
23172
23174
23176
23186
23187
23190
23194
23195
23198
23207
23210
23213
23214
23215
23216
23217
23218
23219
23221
23224
23228
23229
23230
23233
23234
23236
23241
23243
23244
23250
23252
23253
23254
23255
23256
23258
23260
23264
23265
23267
23270
23273
23274
23275
23277
23281
23285
23290
23291
23293
23295
23296
23299
23303
23304
23305
23307
23308
23318
23319
23321
23323
23329
23331
23332
23333
23334
23338
23340
23344
23346
23348
23351
23352
23355
23359
23360
23363
23364
23365
23366
23367
23371
23372
23374
23376
23377
23379
23380
23381
23382
23383
23384
23385
23386
23387
23388
23389
23391
23394
23395
23396
23397
23398
23401
23402
23403
23404
23405
23408
23409
23411
23413
23416
23418
23419
23421
23422
23423
23425
23427
23428
23429
23431
23432
23433
23435
23436
23439
23443
23445
23447
23448
23449
23450
23451
23452
23453
23454
23456
23457
23458
23459
23460
23461
23462
23463
23466
23467
23468
23470
23472
23475
23476
23477
23478
23480
23481
23485
23486
23487
23488
23489
23490
23492
23493
23494
23495
23500
23504
23506
23507
23512
23517
23518
23519
23520
23521
23522
23524
23525
23526
23527
23528
23529
23531
23532
23534
23536
23541
23542
23544
23545
23546
23547
23548
23551
23553
23556
23558
23559
23560
23561
23562
23563
23565
23566
23567
23569
23572
23573
23574
23576
23578
23580
23581
23586
23588
23589
23591
23592
23594
23596
23601
23604
23607
23608
23609
23610
23611
23612
23613
23614
23615
23616
23617
23618
23619
23621
23622
23624
23625
23626
23627
23628
23629
23630
23631
23632
23633
23635
23637
23641
23644
23646
23648
23649
23650
23651
23652
23653
23654
23656
23657
23660
23663
23665
23673
23674
23676
23678
23679
23681
23682
23688
23690
23692
23693
23696
23697
23700
23702
23703
23704
23705
23706
23707
23708
23710
23712
23713
23714
23715
23720
23721
23723
23724
23725
23729
23731
23733
23735
23736
23741
23743
23745
23746
23747
23748
23751
23755
23762
23767
23768
23769
23771
23777
23779
23780
23781
23782
23783
23784
23786
23789
23791
23792
23793
23796
23798
23803
23805
23807
23808
23809
23810
23811
23812
23814
23815
23820
23821
23822
23825
23826
23828
23830
23831
23833
23834
23835
23838
23839
23841
23842
23844
23846
23847
23849
23852
23853
23854
23860
23862
23869
23870
23871
23873
23877
23879
23882
23883
23884
23886
23888
23894
23896
23898
23899
23901
23913
23915
23916
23919
23922
23924
23932
23933
23934
23937
23938
23940
23941
23943
23944
23949
23954
23955
23956
23959
23960
23961
23965
23967
23968
23970
23974
23975
23976
23982
23984
23986
23991
23992
23993
23994
23996
23997
24005
24007
24009
24010
24011
24013
24018
24020
24022
24023
24024
24029
24030
24033
24034
24037
24038
24039
24040
24041
24043
24046
24047
24048
24049
24050
24051
24052
24055
24057
24061
24062
24065
24066
24067
24069
24070
24072
24076
24079
24080
24081
24084
24085
24086
24088
24089
24090
24091
24092
24093
24097
24101
24102
24103
24104
24107
24109
24110
24113
24115
24118
24119
24120
24123
24124
24125
24128
24130
24131
24132
24133
24140
24144
24147
24148
24149
24150
24151
24152
24155
24157
24158
24159
24161
24162
24163
24169
24170
24171
24172
24178
24179
24180
24182
24183
24184
24185
24186
24187
24188
24189
24190
24191
24196
24198
24199
24202
24203
24207
24208
24209
24211
24212
24213
24214
24215
24217
24218
24220
24222
24223
24224
24228
24229
24230
24231
24235
24237
24241
24243
24245
24246
24247
24248
24249
24252
24254
24257
24258
24260
24262
24264
24265
24266
24267
24270
24273
24274
24275
24277
24278
24281
24282
24283
24285
24286
24287
24288
24289
24290
24291
24295
24296
24297
24298
24300
24305
24307
24310
24311
24314
24319
24320
24321
24322
24323
24324
24326
24327
24328
24330
24331
24335
24337
24338
24339
24340
24341
24343
24344
24347
24351
24352
24354
24357
24358
24359
24360
24361
24362
24365
24367
24369
24371
24373
24374
24375
24376
24377
24378
24380
24384
24387
24388
24390
24392
24394
24396
24398
24402
24403
24404
24405
24406
24407
24408
24409
24413
24415
24416
24418
24420
24421
24422
24423
24424
24425
24426
24428
24429
24432
24433
24434
24435
24439
24440
24441
24443
24444
24447
24448
24449
24450
24452
24453
24455
24456
24457
24458
24459
24460
24464
24465
24466
24469
24471
24472
24473
24475
24476
24478
24480
24481
24488
24489
24490
24493
24494
24495
24501
24503
24505
24508
24509
24511
24515
24517
24518
24521
24524
24525
24527
24528
24529
24530
24534
24535
24536
24537
24541
24542
24544
24545
24548
24551
24554
24555
24557
24558
24561
24563
24565
24568
24570
24571
24573
24574
24575
24576
24577
24578
24579
24580
24581
24582
24586
24589
24590
24591
24594
24596
24597
24598
24601
24603
24604
24605
24608
24609
24613
24614
24615
24616
24617
24618
24619
24623
24629
24635
24636
24639
24641
24642
24643
24646
24651
24653
24656
24658
24659
24660
24661
24665
24666
24669
24674
24675
24676
24677
24679
24680
24681
24682
24683
24684
24685
24687
24688
24691
24694
24696
24697
24698
24699
24700
24701
24703
24707
24708
24709
24710
24712
24713
24716
24717
24722
24724
24726
24730
24731
24733
24734
24735
24736
24738
24739
24742
24744
24747
24748
24749
24750
24751
24752
24753
24754
24756
24757
24758
24760
24763
24764
24765
24772
24773
24774
24775
24778
24779
24782
24783
24785
24788
24789
24792
24793
24794
24795
24796
24797
24799
24800
24801
24806
24807
24808
24809
24811
24812
24813
24814
24815
24816
24817
24818
24819
24820
24822
24825
24826
24827
24832
24833
24835
24838
24840
24841
24845
24846
24847
24848
24852
24853
24858
24859
24860
24863
24864
24867
24868
24870
24871
24872
24875
24877
24884
24887
24891
24894
24895
24900
24902
24904
24906
24907
24908
24909
24910
24913
24917
24920
24922
24925
24927
24930
24931
24933
24935
24936
24938
24939
24940
24941
24942
24944
24947
24949
24950
24951
24954
24956
24958
24962
24970
24971
24974
24976
24977
24978
24980
24981
24982
24985
24986
24989
24994
24996
24999
25000
25001
25003
25004
25005
25006
25010
25014
25015
25016
25017
25018
25022
25024
25026
25031
25032
25033
25034
25035
25036
25037
25038
25041
25042
25044
25054
25055
25059
25060
25062
25064
25072
25074
25077
25078
25079
25080
25082
25084
25086
25087
25088
25094
25095
25096
25098
25099
25100
25101
25102
25103
25104
25105
25106
25108
25109
25110
25111
25112
25114
25115
25119
25121
25122
25123
25124
25125
25127
25129
25130
25132
25133
25134
25135
25136
25137
25138
25139
25140
25142
25143
25149
25150
25151
25152
25153
25154
25155
25157
25158
25159
25160
25161
25162
25163
25165
25166
25169
25170
25171
25172
25176
25179
25182
25187
25190
25191
25193
25194
25195
25196
25197
25198
25199
25200
25203
25206
25209
25210
25212
25213
25214
25215
25216
25219
25220
25225
25226
25233
25234
25235
25236
25237
25238
25239
25240
25242
25243
25247
25248
25249
25250
25252
25253
25256
25259
25260
25265
25269
25273
25275
25276
25277
25279
25282
25283
25284
25285
25286
25287
25288
25289
25290
25291
25292
25293
25294
25295
25296
25297
25298
25299
25300
25302
25303
25304
25305
25306
25307
25308
25311
25314
25315
25316
25317
25318
25319
25320
25321
25324
25325
25326
25327
25329
25331
25332
25334
25335
25340
25341
25342
25343
25345
25346
25351
25352
25353
25356
25358
25361
25363
25366
25370
25371
25372
25373
25374
25375
25376
25377
25378
25379
25380
25381
25382
25384
25385
25386
25387
25391
25394
25401
25402
25405
25406
25410
25411
25413
25414
25417
25419
25420
25421
25422
25423
25424
25429
25437
25438
25439
25441
25442
25443
25447
25448
25449
25451
25453
25454
25455
25457
25458
25461
25462
25463
25466
25467
25469
25472
25474
25475
25476
25478
25479
25480
25481
25482
25484
25486
25487
25488
25490
25494
25495
25496
25497
25498
25499
25502
25503
25504
25505
25506
25507
25508
25509
25511
25512
25513
25514
25516
25517
25518
25520
25523
25524
25527
25528
25529
25530
25532
25534
25535
25536
25540
25542
25545
25549
25551
25552
25554
25557
25558
25562
25563
25568
25569
25571
25577
25578
25581
25582
25583
25587
25588
25590
25592
25593
25597
25598
25599
25600
25601
25602
25604
25605
25610
25611
25612
25613
25615
25616
25618
25619
25620
25622
25623
25627
25628
25630
25632
25633
25634
25638
25642
25644
25645
25647
25652
25653
25654
25658
25661
25665
25667
25668
25669
25670
25671
25672
25674
25675
25679
25680
25681
25682
25684
25688
25691
25692
25694
25695
25703
25705
25709
25711
25715
25716
25718
25720
25721
25722
25723
25725
25730
25732
25733
25735
25736
25738
25743
25744
25745
25746
25747
25749
25750
25753
25754
25757
25758
25759
25763
25764
25765
25767
25769
25771
25772
25773
25774
25776
25778
25779
25781
25783
25784
25786
25787
25788
25790
25791
25792
25793
25794
25796
25797
25799
25802
25803
25805
25806
25808
25810
25811
25812
25816
25818
25820
25822
25823
25824
25825
25826
25827
25828
25830
25835
25836
25839
25840
25841
25842
25844
25847
25850
25851
25852
25853
25854
25855
25856
25860
25862
25865
25867
25871
25874
25876
25878
25880
25881
25883
25884
25885
25886
25890
25891
25892
25893
25895
25898
25899
25900
25902
25903
25910
25912
25913
25915
25917
25918
25919
25925
25928
25929
25932
25933
25934
25935
25937
25939
25940
25941
25942
25943
25944
25945
25946
25947
25949
25950
25954
25955
25958
25961
25963
25964
25968
25970
25972
25973
25975
25976
25977
25986
25987
25989
25990
25991
25995
25996
26000
26001
26003
26005
26007
26009
26011
26012
26013
26015
26016
26017
26020
26021
26023
26025
26027
26028
26029
26031
26032
26034
26038
26039
26040
26041
26044
26045
26049
26051
26052
26053
26054
26059
26060
26061
26062
26063
26064
26066
26070
26071
26075
26078
26080
26082
26085
26086
26087
26088
26089
26092
26093
26094
26095
26096
26097
26100
26101
26102
26103
26104
26106
26107
26111
26112
26114
26115
26116
26118
26119
26120
26121
26122
26124
26126
26127
26130
26131
26132
26133
26137
26141
26143
26144
26145
26147
26148
26149
26151
26152
26154
26155
26157
26159
26161
26163
26164
26165
26166
26170
26172
26173
26174
26177
26178
26179
26181
26185
26186
26187
26188
26191
26192
26194
26195
26196
26197
26198
26199
26201
26202
26203
26205
26206
26207
26209
26210
26212
26214
26216
26218
26219
26220
26222
26223
26224
26225
26228
26230
26231
26234
26238
26242
26244
26245
26247
26248
26249
26252
26256
26257
26261
26262
26263
26264
26269
26274
26279
26280
26283
26286
26289
26290
26292
26293
26294
26297
26302
26303
26308
26310
26311
26312
26313
26314
26316
26319
26326
26329
26331
26332
26333
26336
26341
26342
26344
26345
26348
26352
26353
26354
26355
26356
26359
26360
26361
26364
26366
26367
26368
26371
26376
26377
26379
26381
26383
26384
26387
26388
26389
26391
26395
26397
26399
26405
26406
26407
26408
26410
26411
26412
26413
26414
26415
26417
26419
26420
26421
26424
26426
26429
26432
26434
26435
26436
26438
26440
26441
26444
26446
26447
26448
26449
26451
26453
26454
26457
26460
26462
26463
26464
26465
26469
26471
26472
26473
26474
26477
26479
26480
26481
26482
26483
26485
26487
26491
26492
26494
26495
26497
26500
26501
26503
26505
26507
26509
26512
26517
26519
26520
26522
26524
26525
26526
26530
26531
26533
26535
26536
26538
26539
26541
26543
26544
26545
26546
26547
26548
26549
26550
26551
26552
26553
26561
26563
26564
26568
26570
26575
26576
26577
26578
26579
26580
26582
26584
26585
26586
26588
26589
26590
26592
26594
26597
26601
26604
26607
26608
26609
26611
26612
26613
26615
26618
26619
26621
26623
26624
26629
26631
26632
26633
26634
26635
26636
26638
26639
26640
26641
26642
26643
26646
26647
26653
26655
26657
26665
26666
26673
26674
26675
26676
26679
26680
26681
26683
26684
26685
26686
26688
26689
26690
26691
26692
26693
26694
26696
26697
26698
26700
26702
26704
26705
26707
26708
26709
26720
26721
26722
26723
26724
26725
26726
26727
26728
26729
26730
26731
26735
26737
26738
26740
26742
26743
26745
26751
26753
26755
26757
26758
26764
26767
26771
26772
26774
26775
26776
26780
26781
26783
26784
26786
26787
26790
26791
26792
26797
26799
26800
26802
26803
26804
26805
26812
26813
26814
26815
26816
26817
26818
26820
26825
26827
26829
26832
26834
26835
26837
26838
26839
26840
26842
26847
26848
26849
26851
26852
26855
26856
26858
26859
26860
26862
26864
26865
26866
26869
26870
26873
26874
26875
26876
26877
26880
26881
26885
26886
26891
26893
26894
26895
26896
26897
26898
26899
26909
26911
26912
26914
26916
26922
26923
26925
26926
26928
26930
26932
26936
26937
26941
26943
26946
26951
26954
26962
26963
26964
26967
26969
26970
26973
26974
26976
26979
26982
26984
26985
26986
26987
26989
26990
26991
26997
26999
27000
27001
27004
27010
27011
27012
27013
27014
27015
27016
27017
27021
27025
27028
27029
27030
27032
27035
27036
27037
27046
27047
27048
27050
27051
27053
27054
27056
27057
27058
27060
27063
27067
27071
27073
27075
27082
27083
27084
27085
27086
27088
27091
27092
27098
27099
27100
27103
27104
27108
27111
27112
27115
27117
27118
27121
27122
27123
27126
27132
27133
27135
27137
27138
27141
27146
27153
27155
27157
27159
27160
27161
27163
27166
27167
27168
27169
27170
27171
27172
27175
27176
27178
27179
27183
27185
27187
27189
27192
27193
27194
27197
27198
27199
27204
27207
27208
27211
27216
27217
27224
27225
27227
27230
27231
27233
27234
27237
27238
27243
27247
27249
27257
27260
27264
27265
27268
27273
27278
27280
27281
27284
27287
27292
27294
27295
27296
27298
27299
27305
27307
27308
27309
27310
27311
27315
27317
27320
27323
27331
27333
27334
27341
27347
27354
27355
27357
27358
27359
27360
27365
27367
27368
27370
27371
27372
27377
27379
27384
27387
27394
27396
27399
27402
27405
27407
27408
27409
27410
27411
27414
27416
27422
27424
27425
27426
27427
27428
27431
27442
27447
27448
27449
27450
27451
27453
27454
27459
27461
27462
27463
27465
27468
27470
27472
27481
27483
27487
27489
27490
27491
27492
27493
27494
27495
27498
27506
27511
27512
27513
27515
27516
27519
27521
27522
27523
27524
27526
27527
27529
27530
27531
27533
27538
27539
27542
27544
27546
27547
27550
27553
27554
27555
27556
27560
27562
27563
27565
27566
27567
27568
27570
27571
27572
27573
27575
27578
27580
27583
27584
27585
27586
27589
27590
27594
27595
27596
27597
27599
27600
27602
27603
27604
27605
27606
27607
27609
27610
27611
27617
27626
27627
27628
27631
27635
27637
27638
27641
27645
27647
27653
27654
27655
27656
27660
27661
27663
27664
27665
27667
27668
27669
27670
27672
27673
27674
27675
27679
27681
27682
27683
27684
27686
27687
27688
27689
27690
27691
27692
27693
27694
27695
27696
27698
27699
27700
27704
27705
27710
27711
27712
27713
27714
27718
27719
27720
27721
27722
27723
27726
27728
27732
27733
27735
27737
27739
27740
27741
27742
27743
27744
27745
27748
27751
27752
27753
27754
27755
27757
27760
27762
27764
27766
27769
27770
27773
27774
27777
27778
27779
27780
27781
27782
27783
27784
27785
27788
27791
27792
27794
27795
27796
27798
27800
27801
27802
27803
27807
27809
27811
27812
27813
27814
27815
27816
27817
27818
27819
27821
27822
27825
27827
27828
27832
27833
27834
27835
27836
27837
27838
27839
27841
27842
27843
27844
27845
27847
27849
27850
27852
27856
27859
27860
27861
27862
27863
27865
27866
27867
27868
27870
27872
27873
27874
27875
27877
27880
27882
27883
27886
27887
27888
27889
27891
27893
27894
27895
27896
27898
27899
27900
27901
27902
27905
27908
27911
27912
27915
27916
27918
27921
27922
27923
27927
27928
27929
27930
27931
27934
27938
27939
27941
27943
27944
27945
27946
27947
27949
27950
27953
27954
27955
27956
27957
27958
27960
27961
27962
27963
27964
27965
27966
27967
27969
27971
27973
27974
27975
27976
27977
27978
27979
27981
27982
27983
27984
27985
27986
27987
27988
27989
27993
27994
27995
27996
27998
27999
28000
28001
28003
28005
28006
28009
28010
28012
28013
28014
28015
28016
28018
28020
28023
28024
28025
28028
28031
28034
28036
28037
28039
28040
28041
28044
28045
28046
28048
28049
28051
28052
28053
28055
28056
28058
28059
28061
28062
28063
28064
28065
28066
28067
28068
28070
28071
28072
28073
28074
28075
28078
28079
28082
28083
28084
28085
28088
28092
28095
28096
28100
28101
28102
28103
28107
28108
28111
28113
28114
28118
28120
28121
28122
28124
28125
28126
28127
28128
28129
28132
28133
28134
28136
28137
28138
28139
28140
28142
28143
28145
28147
28148
28149
28150
28151
28153
28154
28155
28156
28165
28170
28172
28173
28174
28176
28177
28180
28182
28183
28185
28186
28187
28189
28191
28192
28193
28194
28195
28196
28197
28198
28201
28203
28204
28205
28207
28208
28210
28212
28216
28218
28220
28222
28227
28228
28233
28234
28235
28237
28238
28241
28243
28244
28246
28248
28251
28252
28253
28254
28255
28259
28263
28267
28270
28271
28274
28276
28286
28287
28289
28291
28293
28294
28295
28296
28297
28301
28303
28304
28310
28312
28314
28316
28317
28318
28319
28320
28321
28322
28325
28326
28327
28330
28331
28334
28335
28337
28338
28339
28340
28341
28342
28343
28345
28346
28347
28348
28349
28353
28354
28355
28356
28357
28358
28359
28361
28363
28364
28365
28366
28367
28369
28371
28372
28373
28375
28376
28377
28378
28382
28383
28384
28385
28386
28388
28389
28390
28391
28392
28393
28394
28395
28396
28399
28402
28404
28407
28408
28409
28411
28414
28415
28417
28418
28422
28424
28425
28426
28427
28429
28431
28435
28436
28437
28438
28442
28448
28450
28451
28452
28454
28457
28458
28459
28460
28461
28463
28465
28466
28467
28468
28469
28470
28471
28472
28473
28475
28476
28478
28479
28480
28481
28486
28487
28491
28493
28495
28497
28500
28501
28502
28504
28505
28506
28507
28508
28510
28511
28514
28515
28516
28518
28520
28521
28525
28526
28527
28528
28530
28532
28533
28535
28536
28538
28540
28541
28542
28543
28544
28546
28548
28549
28550
28551
28552
28553
28556
28557
28558
28560
28562
28567
28571
28572
28576
28577
28580
28581
28582
28583
28585
28586
28587
28588
28589
28590
28593
28595
28596
28598
28601
28604
28605
28606
28608
28609
28610
28611
28612
28614
28617
28619
28625
28626
28629
28632
28634
28635
28636
28638
28639
28640
28641
28644
28647
28649
28651
28652
28654
28655
28656
28657
28666
28668
28670
28671
28674
28675
28677
28678
28679
28681
28683
28684
28685
28687
28689
28692
28693
28696
28698
28699
28701
28703
28704
28707
28710
28711
28712
28720
28721
28722
28725
28729
28732
28734
28739
28740
28744
28748
28749
28751
28753
28754
28757
28760
28761
28765
28766
28769
28771
28772
28775
28777
28779
28781
28783
28784
28789
28790
28792
28796
28797
28798
28799
28800
28805
28806
28809
28810
28812
28814
28818
28820
28821
28822
28824
28825
28828
28829
28831
28835
28843
28844
28845
28846
28847
28849
28851
28855
28856
28857
28858
28859
28860
28861
28864
28865
28866
28867
28872
28874
28879
28884
28888
28889
28891
28892
28893
28895
28896
28900
28902
28903
28904
28905
28907
28908
28909
28911
28916
28918
28919
28921
28922
28923
28925
28934
28937
28938
28940
28944
28947
28949
28950
28951
28952
28953
28954
28956
28958
28961
28966
28975
28976
28977
28982
28993
28995
28997
28999
29001
29002
29003
29004
29006
29010
29011
29017
29020
29022
29023
29026
29028
29029
29030
29031
29032
29033
29036
29038
29041
29042
29043
29044
29048
29050
29053
29058
29060
29061
29063
29065
29066
29068
29071
29074
29075
29076
29079
29080
29081
29082
29083
29084
29087
29088
29089
29093
29096
29100
29104
29105
29106
29109
29113
29115
29118
29120
29121
29123
29124
29128
29129
29130
29131
29134
29135
29138
29140
29141
29142
29145
29146
29148
29151
29152
29157
29158
29159
29164
29165
29166
29172
29174
29177
29179
29180
29182
29187
29188
29190
29191
29197
29200
29204
29206
29210
29211
29213
29215
29221
29223
29224
29226
29228
29229
29232
29233
29234
29237
29238
29239
29240
29241
29242
29243
29245
29246
29247
29248
29249
29250
29254
29255
29256
29257
29260
29261
29266
29270
29272
29273
29274
29275
29277
29279
29280
29281
29282
29284
29285
29286
29287
29289
29294
29295
29298
29300
29301
29305
29306
29307
29309
29310
29311
29312
29313
29316
29319
29322
29323
29325
29327
29330
29334
29339
29342
29343
29346
29351
29352
29356
29359
29360
29364
29365
29366
29367
29368
29369
29376
29377
29378
29379
29380
29384
29385
29389
29390
29392
29394
29399
29401
29405
29406
29408
29409
29416
29417
29420
29421
29422
29423
29424
29425
29426
29427
29428
29431
29432
29433
29434
29435
29436
29437
29441
29443
29444
29447
29450
29452
29454
29461
29462
29463
29465
29467
29468
29469
29470
29473
29474
29477
29481
29482
29483
29484
29486
29487
29488
29489
29492
29494
29495
29497
29498
29499
29502
29503
29505
29508
29509
29514
29517
29518
29520
29521
29522
29527
29536
29544
29545
29546
29547
29548
29549
29550
29551
29552
29553
29554
29556
29557
29559
29560
29562
29563
29564
29566
29568
29569
29571
29572
29575
29577
29579
29582
29585
29586
29587
29589
29590
29592
29593
29594
29595
29598
29599
29600
29601
29602
29604
29605
29606
29609
29611
29613
29614
29615
29616
29617
29618
29619
29622
29623
29625
29626
29627
29628
29631
29632
29634
29637
29639
29640
29641
29642
29643
29644
29645
29647
29648
29649
29650
29651
29653
29654
29657
29659
29661
29662
29664
29666
29667
29669
29670
29671
29673
29674
29675
29677
29678
29680
29682
29685
29687
29688
29689
29690
29692
29693
29694
29696
29699
29700
29701
29702
29703
29704
29705
29706
29710
29711
29712
29716
29722
29723
29727
29729
29730
29732
29733
29734
29736
29738
29739
29740
29741
29742
29743
29744
29746
29747
29748
29749
29750
29753
29754
29756
29759
29760
29761
29762
29763
29764
29765
29766
29771
29777
29778
29779
29780
29781
29782
29783
29785
29786
29787
29788
29789
29790
29791
29794
29795
29796
29799
29800
29801
29802
29804
29805
29807
29808
29809
29810
29811
29814
29815
29816
29819
29821
29822
29824
29825
29827
29829
29830
29831
29832
29833
29834
29835
29838
29840
29842
29845
29847
29848
29852
29853
29854
29855
29856
29857
29859
29861
29862
29863
29864
29865
29866
29867
29868
29870
29871
29872
29873
29874
29877
29880
29882
29884
29885
29886
29887
29888
29892
29893
29898
29903
29906
29908
29909
29910
29912
29914
29915
29916
29918
29920
29922
29923
29924
29926
29934
29935
29940
29942
29943
29947
29951
29956
29964
29965
29967
29969
29971
29973
29975
29976
29978
29980
29983
29985
29986
29989
29990
29992
29993
29994
29995
29996
29997
29999
30000
30001
30002
30003
30004
30005
30007
30008
30010
30011
30014
30016
30021
30024
30027
30028
30030
30031
30036
30038
30041
30042
30043
30044
30045
30050
30052
30053
30054
30058
30059
30060
30063
30064
30066
30068
30070
30072
30073
30076
30079
30081
30083
30086
30087
30090
30091
30093
30095
30096
30097
30100
30102
30103
30105
30106
30109
30111
30112
30113
30114
30115
30116
30117
30123
30124
30125
30126
30127
30128
30129
30130
30131
30132
30133
30136
30137
30140
30141
30142
30146
30147
30148
30149
30151
30152
30153
30154
30157
30162
30163
30164
30165
30166
30168
30169
30171
30174
30176
30178
30179
30180
30182
30183
30184
30186
30187
30190
30192
30193
30194
30196
30201
30202
30204
30206
30207
30208
30209
30210
30211
30213
30214
30218
30219
30220
30221
30224
30227
30229
30230
30231
30232
30233
30235
30238
30239
30240
30241
30242
30244
30245
30246
30247
30249
30250
30251
30253
30254
30256
30257
30258
30259
30260
30261
30264
30267
30268
30270
30271
30272
30274
30275
30278
30279
30281
30284
30285
30288
30290
30292
30294
30295
30296
30300
30302
30303
30305
30306
30307
30308
30309
30311
30313
30315
30316
30317
30318
30319
30320
30321
30322
30328
30331
30332
30333
30334
30335
30337
30338
30340
30342
30343
30344
30347
30350
30353
30355
30357
30358
30361
30362
30363
30366
30367
30372
30374
30381
30382
30384
30385
30386
30388
30392
30394
30399
30402
30403
30405
30406
30408
30409
30410
30413
30414
30415
30416
30417
30418
30420
30422
30423
30424
30427
30428
30430
30431
30433
30435
30436
30437
30438
30439
30440
30442
30446
30447
30449
30450
30452
30455
30456
30457
30460
30462
30465
30468
30471
30472
30473
30474
30475
30477
30489
30490
30493
30495
30496
30498
30501
30502
30504
30505
30508
30509
30511
30517
30518
30519
30520
30522
30524
30526
30528
30529
30531
30532
30535
30541
30542
30543
30544
30545
30554
30555
30556
30558
30559
30561
30562
30563
30565
30566
30568
30570
30571
30572
30585
30589
30590
30591
30592
30596
30597
30598
30599
30603
30604
30605
30606
30609
30610
30611
30616
30620
30622
30623
30624
30626
30628
30629
30631
30633
30634
30635
30636
30637
30640
30643
30645
30646
30651
30652
30653
30655
30663
30665
30669
30673
30675
30679
30682
30683
30684
30686
30690
30691
30693
30695
30697
30699
30700
30701
30702
30703
30704
30707
30710
30712
30715
30716
30717
30718
30719
30720
30721
30722
30724
30726
30728
30729
30732
30733
30737
30738
30740
30742
30743
30744
30746
30748
30749
30751
30752
30755
30757
30759
30763
30764
30765
30766
30768
30770
30772
30773
30775
30776
30777
30778
30779
30780
30782
30784
30785
30787
30789
30791
30794
30796
30797
30798
30800
30802
30804
30805
30806
30807
30809
30810
30812
30813
30820
30824
30826
30827
30828
30829
30830
30831
30837
30839
30844
30847
30849
30851
30855
30856
30857
30860
30861
30862
30863
30865
30867
30871
30872
30873
30874
30875
30876
30879
30881
30883
30885
30887
30888
30889
30893
30896
30897
30898
30899
30900
30902
30904
30905
30906
30908
30909
30910
30913
30917
30921
30922
30923
30927
30928
30929
30932
30933
30937
30938
30940
30944
30945
30947
30951
30952
30956
30959
30962
30964
30967
30969
30970
30971
30973
30974
30977
30980
30981
30982
30988
30990
30992
30994
30995
31001
31006
31014
31018
31019
31020
31022
31025
31028
31029
31034
31036
31038
31040
31041
31042
31043
31046
31047
31048
31049
31050
31051
31054
31055
31056
31059
31061
31062
31063
31066
31067
31068
31069
31070
31071
31072
31074
31077
31079
31080
31085
31087
31090
31095
31096
31098
31100
31102
31103
31104
31105
31108
31109
31114
31115
31117
31118
31119
31122
31124
31125
31128
31130
31131
31137
31140
31142
31143
31146
31150
31152
31153
31155
31161
31162
31163
31165
31166
31167
31168
31169
31171
31174
31176
31177
31179
31181
31185
31186
31189
31192
31199
31203
31204
31206
31207
31209
31211
31212
31213
31215
31216
31224
31227
31229
31230
31232
31234
31235
31237
31238
31240
31243
31244
31245
31246
31247
31249
31252
31255
31257
31258
31260
31262
31263
31264
31267
31278
31281
31283
31287
31289
31291
31292
31293
31295
31296
31300
31302
31303
31308
31309
31310
31313
31319
31321
31324
31326
31327
31328
31329
31330
31337
31339
31341
31344
31348
31350
31351
31352
31353
31354
31359
31360
31361
31363
31364
31365
31366
31368
31370
31373
31374
31377
31378
31381
31382
31383
31384
31388
31389
31391
31392
31395
31397
31398
31400
31401
31402
31404
31405
31406
31407
31411
31413
31414
31416
31418
31423
31428
31429
31431
31432
31434
31435
31441
31446
31448
31449
31450
31454
31455
31456
31459
31461
31462
31467
31469
31471
31473
31478
31481
31482
31485
31487
31491
31492
31494
31496
31498
31499
31503
31505
31508
31509
31513
31515
31518
31520
31524
31525
31526
31528
31530
31531
31532
31534
31535
31537
31539
31544
31546
31548
31550
31552
31557
31558
31559
31561
31563
31564
31565
31567
31568
31569
31570
31572
31574
31576
31578
31579
31580
31581
31584
31586
31588
31589
31590
31591
31598
31601
31602
31604
31605
31606
31607
31609
31611
31612
31614
31615
31616
31621
31623
31627
31629
31631
31632
31635
31636
31637
31638
31639
31644
31645
31649
31650
31654
31655
31656
31657
31658
31659
31660
31661
31665
31668
31672
31680
31681
31684
31686
31687
31689
31691
31692
31697
31699
31700
31704
31705
31706
31709
31712
31713
31714
31716
31717
31718
31720
31721
31722
31726
31727
31729
31731
31735
31736
31740
31742
31744
31746
31747
31751
31753
31755
31756
31757
31759
31765
31766
31773
31774
31775
31776
31777
31778
31779
31783
31786
31787
31792
31795
31799
31800
31801
31805
31806
31807
31808
31809
31811
31813
31819
31820
31821
31824
31828
31833
31835
31836
31839
31840
31844
31845
31847
31849
31850
31852
31854
31858
31859
31860
31867
31868
31869
31881
31889
31890
31893
31895
31896
31900
31901
31902
31903
31906
31908
31909
31911
31914
31918
31921
31922
31923
31925
31929
31932
31933
31934
31935
31937
31941
31943
31944
31945
31946
31948
31949
31954
31957
31958
31959
31961
31964
31965
31966
31967
31968
31975
31976
31981
31983
31984
31986
31988
31989
31990
31993
31994
31995
31998
32000
32002
32003
32004
32005
32006
32007
32008
32009
32010
32011
32013
32016
32019
32020
32021
32022
32023
32024
32025
32026
32027
32028
32029
32030
32031
32032
32033
32034
32039
32043
32044
32046
32047
32048
32049
32050
32051
32053
32057
32058
32060
32063
32064
32065
32066
32067
32068
32069
32070
32077
32078
32080
32085
32089
32091
32092
32093
32094
32097
32098
32099
32101
32102
32103
32104
32106
32110
32112
32113
32114
32115
32119
32121
32122
32128
32129
32131
32132
32134
32135
32136
32139
32140
32142
32143
32144
32145
32147
32150
32156
32157
32158
32159
32160
32161
32162
32163
32166
32167
32170
32172
32173
32174
32175
32176
32177
32178
32179
32180
32181
32184
32185
32186
32187
32189
32190
32191
32196
32199
32202
32203
32205
32210
32211
32212
32215
32216
32217
32218
32221
32222
32223
32224
32225
32227
32228
32230
32232
32233
32234
32236
32238
32239
32240
32241
32242
32244
32246
32247
32248
32249
32251
32252
32262
32264
32265
32266
32267
32269
32270
32272
32273
32277
32279
32283
32285
32286
32287
32288
32290
32291
32299
32300
32301
32302
32303
32304
32305
32306
32307
32308
32309
32310
32311
32312
32313
32314
32315
32317
32318
32321
32322
32323
32324
32325
32326
32327
32328
32335
32336
32338
32339
32340
32341
32342
32346
32350
32351
32353
32354
32360
32361
32362
32363
32364
32365
32366
32367
32368
32371
32374
32375
32376
32377
32379
32380
32381
32382
32383
32385
32386
32390
32391
32392
32394
32396
32399
32401
32403
32404
32405
32406
32407
32408
32410
32411
32412
32415
32416
32417
32418
32419
32420
32421
32422
32423
32424
32425
32426
32427
32428
32429
32430
32431
32432
32433
32434
32435
32436
32437
32438
32439
32440
32441
32442
32443
32444
32445
32446
32447
32448
32449
32450
32451
32452
32453
32454
32455
32456
32457
32458
32459
32460
32461
32462
32463
32464
32465
32466
32467
32468
32469
32470
32471
32472
32473
32474
32475
32476
32477
32478
32479
32480
32481
32482
32483
32484
32485
32486
32487
32488
32489
32490
32491
32492
32493
32494
32495
32496
32497
32498
32499
32500
32501
32502
32503
32504
32505
32506
32507
32508
32509
32510
32511
32512
32513
32514
32515
32516
32517
32518
32519
32520
32521
32522
32523
32524
32525
32526
32527
32528
32529
32530
32531
32532
32533
32534
32535
32536
32537
32538
32539
32540
32541
32542
32543
32544
32545
32546
32547
32548
32549
32550
32551
32552
32553
32554
32555
32556
32557
32558
32559
32560
32561
32562
32563
32564
32565
32566
32568
32570
32573
32574
32578
32579
32580
32581
32584
32588
32589
32591
32592
32593
32596
32597
32599
32600
32602
32607
32609
32610
32611
32616
32617
32618
32622
32624
32625
32626
32628
32629
32630
32631
32633
32637
32638
32641
32645
32646
32648
32650
32651
32652
32654
32657
32659
32660
32661
32662
32666
32669
32670
32671
32673
32675
32676
32677
32679
32680
32681
32687
32688
32689
32690
32693
32694
32696
32697
32700
32701
32703
32704
32705
32706
32707
32709
32712
32714
32716
32718
32722
32724
32725
32728
32729
32730
32731
32735
32736
32737
32741
32742
32745
32747
32748
32750
32751
32752
32753
32755
32759
32761
32763
32764
32765
32766
32768
32769
32771
32772
32773
32774
32775
32776
32779
32780
32781
32783
32784
32785
32786
32788
32789
32790
32791
32792
32793
32796
32800
32801
32802
32804
32805
32806
32807
32808
32809
32810
32812
32814
32816
32817
32819
32821
32822
32823
32824
32827
32829
32831
32834
32835
32838
32842
32843
32844
32845
32850
32852
32854
32856
32858
32862
32873
32874
32879
32880
32881
32882
32883
32885
32886
32887
32889
32891
32893
32894
32895
32899
32900
32901
32902
32903
32905
32907
32908
32912
32915
32918
32920
32922
32923
32925
32927
32928
32929
32930
32932
32933
32937
32938
32939
32941
32942
32943
32945
32946
32948
32951
32952
32954
32956
32957
32958
32959
32960
32961
32962
32963
32964
32966
32968
32972
32973
32974
32982
32983
32985
32986
32987
32988
32989
32990
32992
32993
32995
32996
32997
32999
33000
33001
33002
33003
33004
33005
33007
33008
33009
33010
33011
33012
33014
33016
33018
33020
33021
33026
33029
33030
33032
33033
33034
33037
33038
33039
33040
33041
33042
33043
33044
33046
33048
33050
33051
33054
33055
33058
33059
33060
33061
33065
33067
33068
33071
33073
33074
33078
33080
33081
33082
33086
33087
33094
33096
33098
33099
33100
33102
33104
33105
33106
33107
33108
33109
33110
33112
33113
33114
33120
33121
33125
33126
33127
33128
33129
33130
33131
33133
33134
33135
33136
33137
33139
33140
33144
33145
33146
33147
33148
33149
33150
33151
33152
33154
33155
33158
33160
33162
33167
33169
33173
33176
33177
33178
33179
33180
33181
33182
33184
33186
33190
33192
33193
33203
33209
33210
33211
33213
33214
33215
33216
33218
33219
33222
33225
33226
33228
33229
33231
33233
33239
33240
33242
33244
33247
33248
33250
33251
33253
33255
33256
33258
33260
33261
33267
33268
33274
33275
33276
33278
33280
33281
33282
33284
33285
33286
33287
33288
33289
33290
33292
33293
33296
33298
33300
33302
33307
33308
33310
33311
33312
33314
33315
33317
33322
33323
33324
33325
33327
33328
33329
33330
33331
33332
33333
33334
33335
33336
33337
33339
33342
33348
33349
33351
33353
33355
33358
33359
33368
33369
33370
33375
33379
33380
33382
33384
33387
33390
33391
33392
33393
33394
33395
33396
33399
33400
33402
33405
33406
33407
33410
33411
33412
33416
33418
33419
33421
33422
33423
33425
33426
33431
33432
33433
33436
33437
33439
33440
33441
33443
33444
33445
33446
33447
33448
33449
33450
33451
33452
33453
33454
33455
33456
33457
33459
33460
33463
33464
33465
33467
33468
33469
33470
33473
33476
33479
33480
33481
33482
33483
33484
33485
33486
33487
33489
33490
33491
33492
33493
33495
33496
33497
33499
33500
33502
33503
33504
33505
33507
33508
33509
33510
33511
33515
33519
33521
33524
33527
33529
33531
33534
33536
33537
33538
33539
33540
33541
33542
33544
33545
33547
33548
33550
33551
33553
33555
33556
33557
33559
33562
33563
33564
33565
33575
33576
33579
33580
33581
33583
33585
33586
33587
33588
33589
33590
33592
33593
33594
33596
33597
33600
33601
33603
33604
33605
33606
33607
33609
33610
33615
33616
33617
33618
33619
33620
33622
33625
33626
33627
33628
33629
33630
33631
33632
33633
33635
33636
33637
33638
33639
33640
33641
33642
33643
33644
33645
33646
33647
33651
33655
33656
33659
33660
33661
33669
33670
33673
33674
33678
33682
33683
33686
33688
33689
33691
33692
33693
33694
33696
33698
33703
33704
33705
33706
33707
33712
33713
33714
33715
33716
33718
33719
33720
33721
33722
33724
33725
33727
33728
33729
33730
33733
33735
33737
33738
33740
33741
33743
33747
33748
33749
33750
33752
33756
33757
33759
33760
33761
33765
33769
33770
33775
33776
33777
33778
33780
33784
33785
33788
33789
33793
33795
33796
33798
33799
33802
33803
33804
33805
33806
33807
33809
33816
33818
33820
33821
33827
33828
33829
33830
33831
33832
33833
33836
33841
33843
33844
33845
33848
33849
33852
33853
33862
33865
33870
33873
33874
33878
33879
33881
33882
33883
33884
33885
33889
33891
33892
33894
33897
33899
33900
33901
33903
33904
33905
33907
33908
33909
33910
33911
33912
33914
33920
33922
33924
33927
33928
33929
33931
33932
33933
33934
33935
33936
33940
33941
33943
33945
33948
33950
33951
33953
33960
33965
33967
33969
33970
33972
33976
33977
33978
33979
33980
33981
33983
33984
33985
33986
33988
33990
33991
33993
33994
33995
33997
33999
34000
34001
34003
34006
34013
34015
34016
34018
34019
34021
34022
34023
34028
34030
34031
34032
34036
34039
34044
34045
34047
34048
34050
34051
34052
34056
34058
34060
34065
34067
34068
34071
34072
34074
34078
34079
34081
34083
34085
34086
34091
34092
34093
34095
34103
34104
34105
34106
34107
34108
34109
34111
34113
34115
34118
34120
34121
34122
34126
34130
34131
34133
34134
34135
34136
34137
34141
34142
34146
34148
34152
34153
34154
34157
34160
34162
34163
34164
34167
34169
34170
34171
34173
34174
34176
34177
34180
34181
34182
34183
34184
34186
34188
34191
34193
34196
34200
34201
34203
34204
34205
34207
34210
34212
34214
34216
34217
34218
34222
34223
34224
34227
34228
34229
34231
34232
34233
34234
34239
34241
34249
34253
34254
34255
34256
34259
34261
34268
34269
34271
34272
34276
34277
34278
34280
34281
34282
34285
34292
34294
34295
34297
34298
34299
34303
34304
34308
34309
34310
34311
34314
34315
34321
34326
34327
34328
34330
34334
34335
34338
34343
34345
34349
34360
34362
34364
34367
34368
34374
34377
34382
34383
34384
34385
34386
34387
34388
34389
34394
34395
34396
34398
34399
34402
34404
34407
34411
34412
34414
34415
34417
34423
34424
34425
34426
34427
34428
34429
34430
34431
34432
34433
34434
34435
34436
34438
34442
34443
34444
34445
34451
34453
34460
34461
34467
34468
34471
34472
34473
34474
34476
34479
34480
34481
34482
34484
34485
34486
34490
34496
34499
34500
34502
34503
34505
34506
34507
34510
34511
34512
34513
34515
34516
34520
34521
34523
34526
34527
34532
34537
34541
34542
34544
34545
34546
34547
34548
34552
34553
34554
34555
34558
34560
34562
34563
34566
34567
34568
34569
34570
34573
34574
34576
34578
34579
34581
34583
34584
34586
34588
34590
34593
34594
34595
34597
34601
34606
34608
34609
34612
34615
34619
34622
34623
34624
34631
34632
34633
34636
34638
34643
34645
34647
34648
34649
34655
34656
34659
34660
34661
34662
34664
34670
34672
34674
34676
34678
34680
34683
34684
34685
34686
34688
34690
34691
34692
34693
34696
34699
34701
34711
34718
34719
34720
34722
34723
34728
34731
34732
34733
34734
34735
34737
34739
34741
34745
34746
34747
34749
34750
34751
34752
34754
34756
34758
34760
34762
34763
34766
34767
34769
34770
34776
34779
34780
34783
34784
34787
34789
34794
34795
34796
34797
34798
34799
34802
34803
34806
34809
34811
34814
34816
34817
34819
34821
34822
34826
34827
34829
34832
34833
34835
34836
34837
34838
34841
34847
34849
34850
34851
34854
34856
34865
34866
34870
34873
34875
34876
34878
34880
34883
34884
34885
34886
34890
34892
34893
34894
34898
34899
34900
34901
34903
34905
34906
34907
34909
34910
34912
34913
34914
34915
34917
34920
34921
34923
34924
34926
34928
34930
34935
34937
34941
34942
34943
34945
34946
34948
34949
34950
34952
34955
34957
34962
34966
34967
34972
34974
34978
34980
34986
34987
34989
34991
34993
34999
35004
35009
35010
35013
35014
35016
35017
35018
35022
35023
35026
35028
35029
35032
35033
35035
35036
35037
35039
35041
35042
35043
35044
35045
35048
35056
35057
35059
35060
35064
35065
35068
35069
35070
35074
35079
35081
35082
35084
35088
35090
35091
35093
35096
35097
35098
35099
35103
35105
35109
35114
35115
35119
35120
35122
35123
35124
35126
35128
35131
35136
35137
35140
35143
35145
35151
35155
35157
35158
35159
35160
35162
35164
35165
35166
35167
35168
35172
35174
35178
35179
35180
35182
35183
35184
35186
35188
35189
35195
35199
35201
35203
35206
35208
35211
35214
35215
35219
35222
35224
35227
35233
35237
35238
35242
35244
35247
35250
35255
35257
35258
35260
35261
35263
35264
35265
35266
35267
35268
35269
35270
35271
35272
35273
35274
35275
35276
35277
35278
35279
35280
35281
35282
35284
35286
35290
35292
35294
35295
35299
35301
35302
35307
35309
35311
35313
35315
35316
35318
35320
35327
35328
35329
35330
35331
35332
35335
35336
35338
35340
35342
35343
35344
35345
35346
35347
35349
35350
35351
35352
35354
35355
35356
35357
35358
35359
35362
35363
35365
35368
35369
35370
35373
35377
35380
35382
35386
35387
35388
35390
35392
35393
35398
35400
35402
35406
35407
35408
35409
35410
35411
35412
35413
35414
35415
35416
35419
35421
35422
35423
35424
35425
35426
35427
35430
35433
35434
35435
35436
35437
35438
35440
35441
35442
35443
35445
35447
35449
35452
35455
35458
35460
35461
35462
35463
35465
35466
35467
35468
35469
35473
35474
35475
35477
35480
35482
35486
35488
35489
35491
35492
35493
35494
35496
35498
35499
35500
35504
35506
35507
35508
35510
35511
35513
35514
35516
35518
35519
35522
35524
35527
35529
35531
35533
35535
35537
35538
35539
35542
35543
35547
35548
35549
35550
35551
35553
35554
35555
35556
35557
35558
35559
35563
35565
35566
35567
35568
35569
35570
35571
35572
35574
35575
35576
35578
35580
35582
35584
35585
35586
35588
35589
35590
35591
35593
35594
35598
35599
35600
35604
35606
35607
35609
35610
35611
35613
35616
35624
35627
35628
35631
35633
35635
35639
35640
35641
35643
35646
35649
35650
35653
35654
35657
35658
35662
35663
35665
35667
35670
35672
35673
35674
35676
35678
35679
35686
35688
35691
35692
35693
35695
35696
35700
35703
35704
35709
35710
35712
35717
35722
35723
35724
35726
35730
35731
35733
35734
35738
35740
35742
35744
35745
35746
35747
35748
35749
35750
35751
35752
35753
35754
35755
35756
35757
35758
35759
35760
35761
35762
35763
35764
35765
35766
35767
35768
35769
35770
35771
35772
35773
35774
35775
35776
35777
35778
35779
35780
35781
35782
35783
35784
35785
35786
35787
35788
35789
35790
35791
35792
35793
35794
35795
35796
35797
35798
35799
35800
35801
35802
35803
35804
35805
35806
35807
35808
35809
35810
35811
35812
35813
35814
35815
35816
35817
35818
35819
35820
35821
35822
35823
35824
35825
35826
35827
35828
35829
35830
35831
35832
35833
35834
35835
35836
35837
35838
35839
35840
35841
35842
35843
35844
35845
35846
35847
35848
35849
35850
35851
35852
35853
35854
35855
35856
35857
35858
35859
35860
35861
35862
35863
35864
35865
35866
35867
35868
35869
35870
35871
35872
35873
35874
35875
35876
35877
35878
35879
35880
35881
35882
35883
35884
35885
35886
35887
35888
35889
35890
35891
35892
35893
35894
35895
35900
35903
35905
35910
35911
35912
35913
35916
35918
35920
35924
35925
35930
35937
35938
35944
35946
35947
35948
35950
35955
35957
35958
35960
35961
35962
35970
35973
35974
35977
35978
35980
35981
35987
35988
35991
35992
35993
35997
35998
35999
36000
36001
36002
36007
36008
36009
36010
36011
36012
36015
36016
36018
36019
36020
36022
36023
36024
36026
36027
36028
36029
36030
36031
36032
36033
36034
36035
36036
36037
36039
36040
36042
36049
36050
36051
36053
36057
36058
36060
36061
36062
36063
36064
36065
36066
36067
36068
36070
36071
36072
36074
36076
36077
36080
36084
36085
36088
36090
36091
36092
36093
36094
36099
36100
36101
36103
36104
36105
36106
36107
36109
36111
36112
36113
36115
36116
36118
36119
36122
36123
36125
36126
36127
36128
36129
36130
36131
36132
36133
36134
36135
36136
36137
36138
36139
36140
36141
36142
36143
36144
36145
36146
36147
36148
36149
36150
36151
36152
36153
36154
36155
36156
36157
36158
36159
36160
36161
36162
36163
36164
36165
36166
36167
36168
36169
36170
36171
36172
36173
36174
36175
36176
36177
36178
36179
36180
36181
36182
36183
36184
36185
36186
36187
36188
36189
36190
36191
36192
36193
36194
36195
36196
36198
36199
36202
36203
36204
36205
36208
36211
36212
36213
36214
36215
36225
36228
36229
36234
36235
36241
36243
36244
36245
36249
36255
36259
36264
36267
36271
36273
36274
36275
36276
36277
36280
36282
36284
36286
36287
36290
36291
36292
36294
36299
36300
36302
36303
36304
36305
36310
36311
36314
36315
36317
36318
36319
36321
36323
36324
36328
36330
36332
36335
36337
36339
36341
36342
36343
36344
36345
36346
36347
36349
36357
36361
36362
36364
36367
36368
36370
36372
36381
36382
36383
36386
36387
36390
36393
36394
36396
36398
36399
36401
36404
36405
36406
36409
36410
36413
36416
36417
36418
36420
36421
36423
36424
36425
36426
36427
36428
36432
36433
36434
36436
36437
36441
36442
36444
36447
36448
36450
36451
36452
36454
36457
36458
36460
36461
36463
36464
36466
36467
36468
36470
36474
36475
36476
36477
36478
36479
36481
36482
36484
36485
36487
36489
36490
36491
36493
36494
36495
36496
36497
36498
36499
36500
36501
36504
36506
36508
36509
36510
36513
36517
36518
36522
36523
36524
36527
36530
36538
36544
36553
36554
36555
36556
36557
36559
36561
36562
36564
36565
36567
36571
36572
36573
36575
36580
36584
36587
36588
36594
36599
36600
36601
36602
36603
36604
36606
36607
36611
36612
36613
36615
36616
36617
36618
36619
36626
36627
36628
36629
36630
36631
36635
36636
36637
36638
36639
36642
36645
36646
36648
36649
36650
36652
36654
36655
36659
36662
36663
36664
36667
36668
36670
36671
36672
36674
36676
36677
36678
36679
36681
36682
36685
36686
36688
36691
36692
36695
36703
36704
36705
36706
36707
36708
36710
36711
36712
36713
36714
36715
36716
36717
36718
36719
36720
36721
36722
36723
36724
36725
36726
36727
36728
36729
36730
36731
36732
36733
36734
36735
36736
36737
36738
36739
36740
36741
36742
36743
36744
36745
36746
36747
36748
36749
36750
36751
36752
36753
36754
36755
36756
36757
36758
36759
36760
36761
36762
36763
36764
36766
36767
36771
36774
36776
36777
36779
36781
36782
36783
36784
36785
36786
36793
36797
36798
36799
36801
36802
36804
36805
36807
36808
36814
36816
36817
36819
36820
36821
36824
36825
36827
36828
36829
36830
36831
36834
36836
36837
36838
36840
36841
36842
36843
36845
36846
36848
36851
36852
36855
36856
36857
36858
36861
36864
36865
36866
36867
36868
36869
36870
36873
36874
36875
36877
36879
36880
36881
36882
36884
36885
36886
36887
36889
36890
36891
36893
36894
36895
36896
36897
36898
36899
36902
36909
36910
36911
36913
36914
36916
36917
36918
36920
36923
36924
36926
36929
36930
36932
36934
36935
36938
36939
36941
36942
36943
36944
36945
36946
36947
36948
36949
36951
36952
36953
36955
36956
36957
36958
36960
36962
36963
36965
36968
36969
36973
36974
36977
36978
36980
36981
36983
36984
36985
36986
36988
36989
36991
36992
36993
36994
36995
36996
36997
36999
37000
37002
37003
37007
37008
37009
37011
37013
37015
37016
37017
37019
37021
37024
37025
37026
37027
37030
37032
37034
37036
37038
37039
37040
37041
37042
37043
37044
37045
37046
37048
37049
37050
37051
37053
37054
37055
37057
37059
37060
37061
37063
37064
37066
37070
37071
37072
37073
37075
37079
37080
37082
37083
37084
37085
37087
37089
37090
37092
37094
37095
37096
37098
37099
37101
37103
37108
37109
37112
37117
37118
37119
37120
37122
37123
37124
37125
37126
37129
37132
37137
37138
37140
37142
37143
37144
37145
37146
37148
37150
37151
37152
37154
37155
37159
37161
37163
37165
37167
37168
37169
37170
37171
37172
37174
37177
37178
37186
37187
37189
37190
37191
37192
37193
37194
37195
37196
37197
37198
37199
37200
37202
37207
37210
37213
37214
37217
37218
37219
37220
37221
37222
37225
37226
37228
37230
37231
37232
37233
37234
37236
37237
37238
37239
37240
37241
37242
37245
37246
37247
37251
37253
37255
37257
37259
37260
37261
37264
37265
37266
37270
37274
37275
37276
37278
37279
37282
37283
37288
37290
37291
37292
37293
37294
37295
37297
37298
37300
37301
37302
37306
37310
37312
37313
37315
37317
37319
37321
37322
37323
37324
37325
37326
37327
37328
37329
37330
37331
37332
37333
37335
37336
37337
37338
37340
37341
37343
37347
37348
37350
37351
37352
37353
37362
37363
37364
37365
37367
37369
37370
37374
37375
37376
37377
37379
37380
37381
37382
37383
37384
37385
37387
37389
37390
37392
37393
37394
37396
37397
37398
37399
37403
37406
37408
37409
37411
37413
37414
37415
37422
37423
37424
37426
37427
37428
37431
37432
37433
37434
37437
37438
37439
37440
37441
37445
37446
37448
37449
37450
37451
37453
37457
37460
37461
37463
37466
37467
37469
37470
37472
37474
37476
37477
37478
37479
37484
37485
37486
37490
37491
37492
37494
37495
37496
37498
37499
37501
37502
37503
37504
37505
37506
37507
37509
37512
37514
37517
37518
37519
37521
37523
37526
37528
37530
37531
37532
37536
37539
37541
37542
37544
37545
37546
37547
37548
37550
37553
37555
37558
37559
37563
37564
37569
37570
37571
37573
37574
37575
37576
37577
37580
37583
37584
37586
37591
37593
37597
37599
37600
37603
37604
37605
37606
37608
37609
37610
37613
37614
37615
37616
37617
37622
37624
37625
37628
37632
37633
37634
37636
37638
37639
37640
37647
37648
37650
37653
37656
37657
37658
37659
37660
37661
37662
37663
37664
37665
37666
37668
37669
37670
37672
37673
37675
37678
37679
37683
37686
37688
37692
37693
37694
37696
37697
37699
37700
37701
37702
37703
37704
37705
37706
37707
37709
37714
37716
37720
37722
37723
37728
37732
37733
37737
37738
37740
37741
37742
37744
37749
37750
37754
37756
37758
37762
37764
37767
37768
37770
37772
37773
37775
37779
37780
37782
37783
37784
37785
37787
37789
37790
37793
37794
37795
37798
37799
37801
37802
37804
37806
37807
37808
37810
37811
37813
37814
37815
37823
37827
37830
37831
37832
37833
37834
37836
37837
37839
37840
37841
37846
37847
37848
37850
37852
37853
37854
37855
37857
37858
37860
37861
37862
37864
37872
37877
37879
37881
37882
37883
37885
37886
37891
37892
37895
37896
37899
37901
37902
37903
37904
37906
37907
37908
37912
37913
37917
37920
37925
37926
37927
37928
37929
37930
37931
37934
37935
37938
37939
37941
37942
37944
37946
37948
37949
37950
37951
37952
37956
37961
37962
37964
37969
37970
37972
37973
37982
37984
37987
37989
37994
37995
37997
38000
38001
38002
38004
38007
38009
38012
38013
38014
38015
38017
38018
38021
38022
38023
38024
38025
38026
38027
38028
38029
38030
38031
38032
38033
38034
38035
38036
38037
38038
38039
38040
38041
38042
38043
38044
38045
38046
38047
38048
38049
38050
38051
38052
38053
38054
38055
38056
38057
38058
38059
38060
38061
38062
38063
38064
38065
38066
38067
38068
38069
38070
38071
38072
38073
38074
38075
38076
38077
38078
38079
38080
38081
38082
38083
38084
38085
38086
38087
38088
38089
38090
38091
38092
38093
38094
38095
38096
38097
38098
38099
38100
38101
38102
38103
38104
38105
38106
38107
38108
38109
38110
38111
38112
38113
38114
38115
38116
38117
38118
38119
38120
38121
38122
38123
38124
38125
38126
38127
38128
38129
38130
38131
38132
38133
38134
38135
38136
38137
38138
38139
38140
38141
38142
38143
38144
38145
38146
38147
38148
38149
38150
38151
38152
38153
38154
38155
38156
38157
38158
38159
38160
38161
38162
38163
38164
38165
38166
38167
38168
38169
38170
38171
38172
38173
38174
38175
38176
38177
38178
38179
38180
38181
38182
38183
38184
38185
38186
38187
38188
38189
38190
38191
38192
38193
38194
38195
38196
38197
38198
38199
38200
38201
38202
38203
38204
38205
38206
38207
38208
38209
38210
38211
38212
38213
38214
38215
38216
38217
38218
38219
38220
38221
38222
38223
38224
38225
38226
38227
38228
38229
38230
38231
38232
38233
38234
38235
38236
38237
38238
38239
38240
38241
38242
38243
38244
38245
38246
38247
38248
38249
38250
38251
38252
38253
38254
38255
38256
38257
38258
38259
38260
38261
38262
38263
38271
38272
38274
38275
38278
38280
38281
38283
38284
38285
38286
38287
38288
38289
38290
38291
38292
38295
38296
38301
38302
38305
38307
38308
38309
38312
38313
38314
38315
38316
38317
38321
38322
38325
38326
38329
38331
38332
38333
38334
38335
38339
38342
38343
38344
38345
38346
38347
38348
38349
38352
38353
38354
38355
38356
38357
38358
38364
38366
38368
38369
38370
38372
38373
38376
38377
38378
38379
38380
38381
38382
38383
38384
38385
38386
38387
38388
38389
38390
38391
38392
38393
38394
38395
38396
38397
38398
38399
38400
38401
38402
38403
38404
38405
38406
38407
38408
38409
38410
38411
38412
38413
38414
38415
38416
38417
38418
38419
38420
38421
38422
38423
38424
38425
38426
38427
38428
38431
38433
38440
38442
38446
38449
38450
38451
38452
38453
38454
38459
38460
38461
38463
38464
38466
38468
38469
38470
38471
38472
38473
38475
38476
38477
38478
38480
38481
38484
38485
38488
38491
38493
38494
38495
38497
38498
38499
38500
38502
38503
38504
38505
38506
38508
38512
38514
38515
38516
38517
38518
38519
38520
38525
38531
38532
38533
38534
38536
38537
38538
38539
38541
38542
38543
38544
38545
38548
38549
38551
38552
38553
38555
38556
38564
38567
38568
38569
38570
38574
38575
38576
38577
38579
38580
38582
38584
38585
38586
38587
38588
38589
38590
38592
38593
38596
38597
38598
38599
38601
38602
38603
38604
38605
38606
38607
38610
38613
38614
38617
38619
38620
38622
38624
38626
38627
38632
38633
38634
38639
38641
38642
38643
38646
38647
38649
38651
38654
38656
38657
38660
38661
38662
38663
38664
38665
38669
38670
38671
38673
38675
38678
38684
38686
38689
38690
38691
38695
38696
38698
38701
38704
38706
38712
38713
38716
38717
38718
38722
38724
38726
38728
38729
38738
38739
38740
38742
38745
38746
38747
38748
38749
38750
38752
38753
38754
38757
38758
38759
38760
38761
38764
38768
38771
38772
38774
38776
38778
38780
38781
38783
38785
38789
38795
38797
38799
38801
38802
38804
38808
38813
38816
38817
38819
38822
38823
38824
38827
38828
38829
38830
38831
38834
38835
38836
38845
38846
38849
38850
38851
38854
38857
38859
38860
38861
38867
38873
38874
38875
38876
38877
38878
38880
38886
38887
38888
38889
38890
38891
38892
38893
38899
38901
38902
38907
38911
38913
38914
38915
38917
38918
38919
38920
38922
38924
38925
38926
38927
38928
38929
38930
38931
38932
38935
38936
38940
38944
38945
38948
38950
38955
38957
38958
38960
38962
38964
38965
38967
38968
38969
38971
38978
38979
38981
38982
38988
38989
38990
38991
38994
38995
38999
39000
39001
39003
39006
39010
39011
39013
39015
39019
39020
39023
39024
39025
39027
39028
39029
39030
39031
39032
39033
39034
39035
39036
39037
39038
39039
39040
39041
39042
39043
39044
39045
39046
39047
39048
39049
39050
39051
39052
39053
39054
39055
39056
39057
39058
39059
39060
39061
39062
39063
39064
39065
39066
39067
39068
39069
39070
39071
39072
39073
39074
39075
39076
39077
39078
39079
39080
39085
39086
39087
39088
39089
39091
39094
39095
39096
39098
39099
39100
39102
39104
39108
39110
39112
39115
39118
39119
39120
39121
39122
39123
39124
39125
39126
39127
39128
39129
39130
39131
39134
39135
39136
39138
39139
39141
39142
39143
39144
39145
39146
39147
39149
39150
39151
39154
39156
39157
39158
39164
39165
39166
39167
39171
39172
39173
39176
39177
39178
39180
39181
39182
39183
39184
39185
39186
39187
39188
39189
39190
39191
39192
39194
39195
39196
39198
39201
39206
39207
39208
39210
39211
39212
39213
39214
39217
39219
39221
39222
39223
39224
39226
39228
39230
39231
39233
39235
39237
39240
39241
39242
39243
39244
39249
39250
39252
39253
39255
39256
39260
39262
39263
39264
39266
39267
39268
39269
39270
39271
39272
39273
39274
39275
39276
39277
39278
39279
39280
39281
39282
39283
39284
39285
39286
39287
39288
39289
39290
39291
39292
39293
39294
39295
39296
39297
39298
39299
39300
39301
39302
39303
39304
39305
39306
39307
39308
39309
39310
39311
39312
39313
39314
39315
39316
39317
39318
39319
39320
39321
39325
39326
39333
39335
39336
39340
39341
39342
39343
39345
39347
39348
39353
39356
39361
39363
39369
39370
39374
39376
39377
39378
39379
39380
39381
39384
39385
39386
39387
39389
39390
39391
39394
39396
39399
39401
39402
39403
39405
39408
39409
39414
39416
39419
39420
39423
39425
39426
39427
39428
39429
39433
39434
39436
39437
39438
39439
39441
39444
39446
39449
39450
39452
39453
39454
39455
39456
39460
39463
39466
39467
39469
39470
39472
39473
39476
39477
39478
39479
39480
39483
39484
39486
39488
39489
39490
39491
39492
39493
39498
39499
39500
39501
39502
39503
39507
39509
39511
39513
39514
39515
39519
39522
39524
39525
39526
39528
39530
39531
39532
39533
39534
39535
39536
39537
39538
39539
39540
39541
39542
39543
39544
39545
39546
39547
39548
39549
39550
39551
39552
39553
39554
39555
39556
39557
39558
39559
39560
39561
39562
39563
39564
39565
39566
39567
39568
39569
39570
39571
39572
39573
39574
39575
39576
39577
39578
39579
39580
39581
39582
39583
39584
39585
39586
39587
39588
39589
39590
39591
39592
39599
39600
39601
39606
39607
39608
39610
39612
39614
39616
39617
39618
39619
39621
39627
39628
39630
39631
39633
39634
39635
39636
39637
39638
39640
39649
39650
39654
39659
39661
39662
39663
39673
39675
39676
39677
39683
39685
39686
39688
39693
39695
39698
39699
39702
39704
39706
39711
39712
39714
39715
39717
39719
39720
39721
39726
39727
39729
39730
39734
39735
39737
39739
39740
39745
39746
39747
39748
39749
39750
39751
39752
39753
39755
39757
39758
39759
39761
39764
39768
39770
39771
39775
39778
39781
39782
39784
39791
39796
39797
39799
39802
39805
39808
39809
39811
39812
39813
39814
39816
39818
39819
39821
39822
39824
39825
39826
39827
39834
39836
39838
39839
39840
39841
39843
39844
39846
39850
39851
39853
39854
39855
39856
39859
39861
39862
39864
39866
39871
39872
39873
39876
39878
39879
39881
39882
39890
39892
39893
39894
39895
39899
39901
39902
39905
39906
39908
39911
39912
39914
39915
39916
39920
39921
39924
39926
39927
39931
39933
39934
39935
39937
39938
39939
39942
39944
39945
39946
39947
39948
39949
39951
39953
39954
39955
39957
39963
39964
39967
39968
39971
39972
39973
39974
39975
39976
39977
39979
39981
39982
39985
39986
39987
39989
39990
39991
39993
39994
39995
39996
39997
39998
40000
40002
40004
40005
40006
40007
40008
40009
40010
40018
40020
40022
40023
40024
40026
40029
40031
40032
40034
40035
40036
40039
40040
40045
40046
40047
40050
40055
40056
40058
40060
40061
40062
40063
40064
40065
40066
40067
40068
40069
40070
40071
40072
40073
40074
40075
40076
40077
40078
40079
40080
40081
40082
40083
40084
40085
40086
40087
40088
40089
40090
40091
40092
40093
40094
40095
40096
40097
40098
40099
40100
40101
40102
40103
40104
40105
40106
40107
40108
40109
40110
40111
40112
40113
40114
40115
40116
40117
40118
40119
40120
40121
40122
40123
40124
40125
40126
40127
40128
40129
40130
40131
40132
40133
40134
40135
40136
40137
40138
40139
40140
40141
40142
40143
40144
40145
40146
40147
40148
40149
40150
40151
40152
40153
40154
40155
40156
40157
40158
40159
40160
40161
40162
40163
40164
40165
40167
40169
40178
40179
40180
40182
40183
40188
40189
40190
40192
40195
40197
40198
40199
40201
40208
40210
40212
40213
40215
40219
40220
40221
40222
40223
40227
40229
40230
40232
40238
40239
40240
40242
40243
40244
40247
40251
40253
40255
40257
40258
40259
40266
40271
40272
40273
40274
40275
40282
40284
40285
40287
40288
40289
40295
40297
40298
40299
40300
40302
40303
40304
40306
40311
40318
40324
40327
40329
40330
40332
40338
40339
40342
40343
40344
40346
40352
40353
40357
40358
40361
40362
40364
40365
40367
40368
40369
40370
40372
40377
40378
40379
40380
40384
40385
40386
40389
40393
40394
40400
40403
40404
40406
40407
40409
40410
40415
40419
40420
40421
40422
40424
40425
40427
40429
40431
40434
40435
40436
40439
40440
40441
40442
40445
40447
40450
40455
40458
40459
40460
40463
40465
40469
40471
40472
40474
40475
40477
40478
40479
40480
40481
40482
40483
40484
40485
40486
40487
40488
40489
40490
40491
40492
40493
40494
40495
40496
40497
40498
40499
40500
40501
40502
40503
40504
40505
40506
40507
40508
40509
40510
40511
40512
40513
40514
40515
40516
40517
40518
40519
40520
40521
40522
40523
40524
40525
40526
40527
40528
40529
40530
40531
40532
40533
40534
40535
40536
40537
40538
40539
40540
40541
40542
40543
40544
40545
40546
40547
40548
40549
40550
40551
40552
40553
40554
40555
40556
40557
40558
40559
40560
40561
40562
40563
40564
40565
40569
40570
40572
40573
40574
40575
40576
40578
40583
40584
40587
40593
40594
40595
40598
40599
40605
40607
40613
40614
40616
40617
40618
40620
40626
40627
40628
40629
40631
40632
40633
40634
40635
40636
40637
40638
40643
40644
40647
40649
40652
40653
40654
40655
40657
40660
40664
40667
40668
40669
40670
40671
40672
40673
40674
40677
40679
40680
40681
40682
40686
40687
40690
40692
40694
40695
40697
40699
40700
40701
40702
40703
40706
40711
40713
40715
40716
40717
40718
40720
40722
40723
40725
40727
40729
40736
40738
40745
40747
40748
40751
40753
40756
40759
40761
40763
40765
40766
40769
40775
40777
40778
40779
40782
40783
40784
40785
40786
40788
40789
40791
40792
40793
40796
40799
40800
40801
40803
40806
40807
40809
40810
40812
40813
40814
40815
40816
40818
40820
40822
40823
40828
40830
40831
40832
40833
40834
40835
40836
40837
40838
40839
40840
40841
40842
40843
40844
40845
40846
40848
40849
40851
40852
40853
40857
40858
40859
40860
40863
40864
40866
40877
40879
40897
40909
40910
40911
40914
40915
40916
65294
131134
131166
131428
131506
131519
131577
131650
131671
131782
131877
132066
132106
132579
132726
132787
132805
132806
132862
132998
133134
133216
133913
134070
134111
134112
134193
134199
134238
134309
134352
134427
134434
134520
134526
134979
135125
135329
135361
135364
135381
135396
135444
135459
135503
135535
135872
135895
135908
136035
136090
136211
136269
136301
136324
136385
136446
136470
137056
137099
137137
137141
137195
137247
137273
137347
137575
138076
138092
138121
138147
138435
138450
138483
138676
138755
138775
138860
138883
138884
139095
139185
139222
139976
140144
140755
140825
140829
140830
140879
140880
140881
140882
140883
141039
141313
141372
141456
141520
141530
141549
141609
141617
141631
141776
142026
142046
142060
142093
142118
142159
142327
142738
142763
142830
142975
143027
143230
143553
143760
143907
143926
144075
144208
144232
144239
144240
144273
144354
144405
144420
144502
144524
144639
144652
144842
144843
144857
144912
144915
144948
144951
144974
145050
145196
145237
145294
145339
145449
145458
145980
146276
146403
146409
146420
146422
146525
146583
146584
146630
146857
146859
146861
146935
146979
147132
147133
147279
147319
147383
147401
147555
147767
147830
147873
147874
147907
147908
147949
147961
148022
148023
148096
148144
148175
148410
148411
148595
148601
148622
148667
148684
148686
148713
148992
149103
149230
149233
149254
149346
149379
149412
149515
149550
149663
149691
149888
149979
150082
150141
150202
150217
150249
150277
150724
150775
150776
150922
150951
150979
151083
151188
151242
151407
151424
151538
151650
151851
151896
151924
151935
151975
152034
152221
152323
152477
152541
152607
152623
152624
152635
152882
152930
152933
152965
153000
153010
153031
153085
153360
153392
153510
153525
153762
153782
153783
154050
154128
154207
154234
154242
154339
154368
154398
154400
154441
154507
154524
154558
154596
154708
154920
154940
154947
154954
155069
155168
155237
155269
155271
155351
155366
155453
155478
155567
155594
155670
155781
155844
155881
155975
155976
156082
156168
156169
156171
156172
156174
156175
156176
156177
156178
156179
156180
156181
156182
156183
156184
156185
156186
156187
156188
156189
156190
156191
156192
156193
156512
156800
156813
156950
157223
157302
157416
157564
157655
157692
157701
157789
157832
157902
158202
158249
158361
158397
158556
158735
158753
158772
158796
159135
159163
159445
159647
160336
160350
160549
160648
160726
160727
160847
160941
160943
161061
161119
161559
161581
161589
161629
161630
161639
161707
161728
161908
161924
162205
162215
162366
162389
162393
162428
162525
162596
162632
162681
162730
163029
163039
163187
163220
163239
163278
163352
163400
163409
163410
163411
163412
163413
163414
163415
163695
163784
163833
163841
163889
163956
163984
164026
164100
164131
164173
164187
164203
164204
164266
164289
164318
164324
164336
164349
164362
164364
164439
164528
164536
164539
164578
164616
164720
164748
164782
164832
164837
164869
164870
164871
164872
164873
164874
164985
165496
165525
165818
165834
165856
165875
165928
165977
166010
166079
166088
166110
166119
166192
166203
166235
166239
166315
166336
166364
166384
166385
166415
166427
166434
166512
166549
166610
166678
166726
166729
166734
166742
166776
166786
166835
166853
166879
166915
166923
166949
166962
166974
166975
166976
166977
166978
166979
166980
166981
166982
166983
166984
166985
166986
166987
166988
166989
166990
166991
166992
166993
166994
166995
166996
166997
166998
167091
167114
167117
167121
167125
167191
167225
167273
167288
167296
167311
167342
167346
167410
167423
167424
167425
167426
167427
167428
167429
167430
167431
167433
167434
167435
167436
167438
167448
167455
167577
167731
167759
167976
168281
168854
168866
168898
168928
168938
168951
168956
168957
168958
168959
168960
169044
169102
169163
169187
169189
169233
169267
169365
169366
169367
169392
169408
169427
169460
169472
169501
169529
169530
169544
169573
169574
169575
169576
169577
169578
169579
169580
169581
169582
169583
169584
169627
169637
169641
169653
169670
169676
169697
169705
169735
169766
169781
169812
169853
169860
169894
169903
169936
169943
169983
169984
169985
169986
169987
169989
169990
169991
169992
169993
169994
169995
169996
169998
169999
170016
170036
170070
170083
170106
170145
170164
170168
170174
170191
170193
170219
170229
170234
170250
170265
170290
170296
170308
170311
170313
170321
170400
170438
170470
170472
170473
170474
170475
170476
170477
170478
170479
170480
170481
170482
170483
170484
170485
170486
170488
170490
170491
170492
170495
170496
170497
170498
170499
170500
170501
170502
170503
170504
170505
170506
170507
170508
170509
170510
170511
170512
170568
170787
170788
170841
170873
170945
170962
170995
171008
171056
171065
171154
171236
171276
171317
171366
171369
171385
171393
171416
171440
171441
171504
171523
171524
171553
171558
171735
171756
171758
171830
171847
171897
171898
171899
171900
171901
171902
171903
171905
171906
171907
171908
171909
171910
171911
171912
171914
171915
171916
171918
171973
172004
172010
172054
172070
172094
172104
172118
172166
172237
172239
172242
172263
172294
172309
172354
172471
172531
172604
172610
172611
172612
172613
172614
172616
172617
172618
172619
172620
172621
172622
172623
172624
172625
172626
172628
172629
172664
172799
172845
172896
172936
172937
172938
172939
172940
173125
173296
173357
173365
173568
173615
173647
173711
173712
173838
173981
174030
174038
174045
174080
174111
174113
174131
174133
174136
174138
174141
174144
174147
174155
174159
174171
174174
174202
174220
174224
174226
174229
174230
174240
174254
174264
174278
174290
174331
174340
174359
174362
174432
174443
174448
174463
174528
174552
174602
174615
174631
174633
174640
174646
174647
174649
174663
174670
174680
174683
174711
174712
174735
174737
174750
174772
174780
174796
174817
174839
174842
174874
174895
174941
174946
174951
174959
174965
174974
174979
174987
174998
175027
175030
175051
175158
175205
175223
175246
175252
175259
175278
175309
175319
175385
175441
175459
175473
175492
175506
175534
175565
175571
175613
175637
175657
175680
175712
175731
175737
175779
175786
175789
175799
175800
175803
175805
175824
175848
175858
175866
175883
175924
175944
175965
175978
175981
175982
175988
175991
176020
176034
176035
176038
176056
176074
176094
176107
176117
176140
176147
176168
176172
176174
176194
176223
176225
176241
176242
176243
176247
176250
176259
176262
176264
176278
176319
176343
176409
176410
176411
176412
176413
176414
176415
176416
176417
176418
176419
176420
176421
176422
176423
176424
176425
176426
176427
176428
176429
176430
176431
176432
176433
176434
176435
176436
176437
176438
176439
176440
176441
176453
176471
176485
176493
176508
176527
176541
176555
176600
176603
176618
176621
176628
176637
176649
176654
176671
176693
176705
176708
176810
176814
176824
176825
176827
176839
176844
176882
176887
176889
176891
176896
176903
176907
176936
176938
176939
176940
176941
176943
176976
176985
176986
176987
176988
176989
176990
176991
176992
176993
176994
176995
176996
176997
176998
176999
177000
177001
177002
177003
177004
177005
177006
177007
177008
177009
177010
177011
177012
177013
177014
177015
177016
177017
177018
177019
177020
177021
177022
177023
177030
177036
177062
177063
177064
177065
177066
177067
177068
177069
177073
177075
177080
177082
177091
177094
177099
177100
177104
177105
177109
177118
177128
177156
177157
177158
177159
177160
177161
177162
177163
177164
177165
177166
177167
177168
177169
177170
177171
177172
177173
177174
177175
177176
177177
177207
177240
177249
177271
177313
177381
177382
177383
177384
177385
177386
177387
177388
177389
177390
177391
177392
177393
177394
177395
177396
177397
177398
177399
177400
177401
177402
177403
177404
177405
177406
177407
177408
177409
177410
177411
177412
177413
177414
177415
177416
177417
177418
177419
177420
177421
177422
177423
177424
177425
177426
177427
177428
177429
177430
177453
177454
177455
177456
177458
177460
177461
177462
177469
177498
177509
177512
177539
177541
177543
177553
177554
177555
177556
177557
177558
177578
177579
177580
177581
177582
177583
177584
177585
177586
177587
177588
177589
177590
177591
177592
177593
177594
177607
177608
177609
177610
177611
177626
177630
177631
177632
177633
177634
177635
177636
177637
177638
177639
177640
177641
177642
177643
177644
177645
177646
177647
177648
177649
177651
177652
177653
177691
177692
177693
177694
177695
177696
177697
177699
177700
177701
177702
177703
177704
177705
177706
177707
177708
177709
177710
177711
177712
177713
177725
177730
177800
177801
177802
177803
177804
177805
177806
177807
177808
177809
177810
177811
177812
177813
177814
177815
177816
177817
177818
177819
177820
177821
177822
177823
177824
177825
177826
177827
177828
177829
177830
177831
177832
177833
177834
177835
177836
177837
177882
177883
177884
177885
177886
177887
177888
177889
177890
177891
177892
177893
177894
177895
177896
177897
177898
177899
177900
177901
177902
177903
177904
177905
177906
177907
177908
177909
177910
177911
177912
177913
177914
177915
177916
177917
177918
177920
177921
177922
177923
177924
177925
177930
177937
177938
177939
177940
177941
177945
177951
177958
177960
177961
177962
177963
177964
177965
177966
177967
177968
177970
177971
177992
177995
178022
178023
178024
178025
178026
178027
178028
178029
178030
178037
178053
178071
178074
178075
178077
178080
178081
178082
178083
178085
178086
178087
178088
178089
178103
178115
178116
178117
178118
178119
178129
178133
178142
178143
178144
178145
178146
178148
178149
178150
178155
178156
178162
178163
178164
178165
178166
178167
178168
178169
178170
178171
178172
178173
178174
178175
178176
178177
178178
178181
178182
178183
178184
178186
178187
178188
178191
178192
178193
178194
178198
178204
178360
178627
178670
178887
178960
179039
179042
179068
179075
179227
179575
179591
179703
179753
180265
180266
180393
180426
180693
180697
180729
180860
180872
180900
181015
181083
181089
181092
181384
181396
181399
181570
181779
181784
181793
181801
181803
181804
181805
181807
181826
181834
181835
182060
182063
182175
182209
182269
182489
182494
182497
182515
182535
182538
182557
182786
182798
182909
182953
183081
183085
183086
183089
183096
183097
183099
183103
183105
183114
183118
183130
183131
183140
183145
183148
183149
183151
183155
183158
183160
183164
183217
183231
183232
183246
183382
183391
183541
183542
183549
183551
183554
183555
183562
183691
183693
183695
183696
183711
183712
183720
183725
183726
183765
183832
183834
183843
183846
183850
183855
183932
183944
183955
199480
199720
200078
200580
200621
201372
